
out =

    3.5504


iter =

     4


ea =

   7.5798e-09


out =

    3.5504


iter =

     4


ea =

   7.5798e-09

